/*--------------------------------*- C++ -*----------------------------------*\
  =========                 |
  \\      /  F ield         | OpenFOAM: The Open Source CFD Toolbox
   \\    /   O peration     | Website:  https://openfoam.org
    \\  /    A nd           | Version:  9
     \\/     M anipulation  |
\*---------------------------------------------------------------------------*/
FoamFile
{
    format      ascii;
    class       faceList;
    location    "constant/polyMesh";
    object      faces;
}
// * * * * * * * * * * * * * * * * * * * * * * * * * * * * * * * * * * * * * //


56
(
4(1 4 25 22)
4(3 24 25 4)
4(4 25 26 5)
4(4 7 28 25)
4(6 27 28 7)
4(7 28 29 8)
4(7 10 31 28)
4(9 30 31 10)
4(10 31 32 11)
4(10 14 35 31)
4(13 34 35 14)
4(11 15 36 32)
4(14 35 36 15)
4(15 36 37 16)
4(14 18 39 35)
4(15 19 40 36)
4(17 38 39 18)
4(18 39 40 19)
4(19 40 41 20)
4(0 21 24 3)
4(3 24 27 6)
4(6 27 30 9)
4(9 30 34 13)
4(13 34 38 17)
4(0 1 22 21)
4(1 2 23 22)
4(0 3 4 1)
4(3 6 7 4)
4(6 9 10 7)
4(9 13 14 10)
4(13 17 18 14)
4(1 4 5 2)
4(4 7 8 5)
4(7 10 11 8)
4(10 14 15 11)
4(14 18 19 15)
4(11 15 16 12)
4(15 19 20 16)
4(21 22 25 24)
4(24 25 28 27)
4(27 28 31 30)
4(30 31 35 34)
4(34 35 39 38)
4(22 23 26 25)
4(25 26 29 28)
4(28 29 32 31)
4(31 32 36 35)
4(35 36 40 39)
4(32 33 37 36)
4(36 37 41 40)
4(2 5 26 23)
4(5 8 29 26)
4(8 11 32 29)
4(11 12 33 32)
4(12 16 37 33)
4(16 20 41 37)
)


// ************************************************************************* //
